,var_threshold_continuous,var_threshold_discrete,var_threshold_fingerprint,corr_threshold,val_accuracy,val_f1,val_precision,val_recall,val_mcc,val_roc_auc_score
0,0.008808566833836469,0.04401502815185842,0.01036903713899411,0.9236500778324678,0.8152709359605911,0.8028045574057843,0.7923875432525952,0.8134991119005328,0.6293082548699594,0.8976421298116687
1,0.02192912641694573,0.04926546631740395,0.023975146777032445,0.983891426601188,0.8054187192118226,0.7922874671340929,0.7820069204152249,0.8028419182948491,0.6095217181638989,0.8947866527463291
2,0.024214286387787526,0.03239856587281255,0.03878662252651239,0.9337054839492553,0.8136288998357963,0.8010517090271692,0.7906574394463668,0.8117229129662522,0.6260104987522827,0.8942659959594863
3,0.026811772532302186,0.02145643792982639,0.04543950219081713,0.8138240814335775,0.8169129720853858,0.8062554300608166,0.7891156462585034,0.8241563055062167,0.633406432636123,0.8959201659593508
4,0.005604243100015611,0.019023404129020132,0.018559763338761078,0.849914107063699,0.8078817733990148,0.7958115183246073,0.7821612349914236,0.8099467140319716,0.6148542737353897,0.8948408878282916
5,0.03876182035082284,0.006177493463102458,0.01107449983388157,0.8007567769222185,0.8169129720853858,0.8048993875765529,0.7931034482758621,0.8170515097690941,0.6327524802038647,0.8969452090084471
6,0.010598254528333725,0.04572425939278183,0.009218166418485548,0.8832646572180878,0.812807881773399,0.7996485061511424,0.7913043478260869,0.8081705150976909,0.6241525131773247,0.8941222729922849
7,0.022247300984774725,0.028055537018438447,0.04708542359161191,0.9329133548908026,0.8136288998357963,0.8007023705004389,0.7916666666666666,0.8099467140319716,0.6258696984805137,0.8944720892709449
8,0.048848835903317636,0.027768820807209715,0.021207979310938967,0.8581497232803857,0.8045977011494253,0.7908611599297013,0.782608695652174,0.7992895204262878,0.6076593849138143,0.8960069420904913
9,0.01740099503610071,0.02046419113899384,0.0492914634775497,0.9901622396127209,0.8136288998357963,0.8010517090271692,0.7906574394463668,0.8117229129662522,0.6260104987522827,0.8926525022710939
