,var_threshold_continuous,var_threshold_discrete,var_threshold_fingerprint,corr_threshold,val_accuracy,val_f1,val_precision,val_recall,val_mcc,val_roc_auc_score
0,0.029612342388684775,0.001252432347053395,0.04013926761332861,0.9467810051808349,0.7397372742200329,0.7559661277906081,0.6671195652173914,0.872113676731794,0.5078096531447599,0.799648827844291
1,0.0199777638886349,0.008969917809397722,0.017107459547204315,0.8515517193112381,0.7372742200328407,0.7464342313787639,0.6738197424892703,0.8365896980461812,0.4925104560548828,0.7988203869673098
2,0.0070760820803400975,0.008176836825756912,0.014973085475144851,0.9372116937702578,0.7380952380952381,0.7458167330677292,0.6763005780346821,0.8312611012433393,0.49247384279557527,0.7970753732051579
3,0.012534707938314552,0.02180186097310123,0.005196299896210927,0.8828653494587066,0.7594417077175698,0.7592440427280197,0.7064220183486238,0.8206039076376554,0.5274090663911601,0.8013070654753027
4,0.021674159032139487,0.049907860694469626,0.011839342836107639,0.9635326521780986,0.7389162561576355,0.7464114832535885,0.6772793053545586,0.8312611012433393,0.4938986065363909,0.7934212845579163
5,0.024945249335151576,0.022886680388963198,0.005745779714010114,0.9896260285514293,0.7512315270935961,0.7510271158586688,0.6987767584097859,0.8117229129662522,0.5108965212050955,0.7996989952951065
6,0.0012202625677280757,0.015371324325815491,0.032679154219506304,0.8481850352533444,0.7413793103448276,0.7552447552447553,0.6712707182320442,0.8632326820603907,0.50757772433358,0.808253223597684
7,0.007626616188779696,0.03784337244803308,0.042495442929692394,0.9042377947250954,0.7323481116584565,0.7472868217054264,0.6629986244841816,0.8561278863232682,0.4899907577452328,0.8066153241224086
8,0.03330485428462967,0.006347860735780021,0.025690151846757093,0.8955739016866171,0.7471264367816092,0.7570977917981072,0.6808510638297872,0.8525754884547069,0.5140365788861673,0.8103060214499749
9,0.015059941458673056,0.04309276998762402,0.04300139055032762,0.8377979585032282,0.7339901477832512,0.7488372093023256,0.6643741403026134,0.8579040852575488,0.4933478593789479,0.811583257630198
10,0.014928662867226092,0.022556412341460916,0.004451701851699442,0.874959525775889,0.7619047619047619,0.7619047619047619,0.7083969465648855,0.8241563055062167,0.5325532520711022,0.8037557794259216
11,0.008605744698598884,0.0360217824640338,9.16596832677863e-05,0.8597736795448909,0.7446633825944171,0.7406171809841535,0.6981132075471698,0.7886323268206039,0.4945733334203059,0.7767819614117392
12,0.012608088642621843,0.027579552295160226,0.002189329646148336,0.8817570524242259,0.7536945812807881,0.7487437185929648,0.7083993660855784,0.7939609236234458,0.511913386091842,0.7908939297384513
13,0.017519109135897378,0.022212993615676507,0.0057481352549036205,0.847471770635147,0.7479474548440066,0.7489779231398201,0.693939393939394,0.8134991119005328,0.5054346487035993,0.7953425623364472
14,0.01355421514112816,0.042254536294568906,0.0009122455730989411,0.8779938457455094,0.7438423645320197,0.738255033557047,0.699523052464229,0.7815275310834814,0.4918348960563619,0.7791154258131873
15,0.008967081769154374,0.021908408506540383,0.004299722504872356,0.9645737957811347,0.7635467980295566,0.7635467980295566,0.7099236641221374,0.8259325044404974,0.5358561685626347,0.7978346643526364
16,0.006986519762142686,0.010546930802552965,0.00453961478486491,0.9402051318582706,0.7635467980295566,0.763157894736842,0.7105666156202144,0.8241563055062167,0.5354760159940525,0.8040730546554038
17,0.005120724203471101,0.00876946631384652,0.0043831925563086694,0.9935597863197061,0.7635467980295566,0.763157894736842,0.7105666156202144,0.8241563055062167,0.5354760159940525,0.8045299852209401
18,0.006491756833518709,0.0009980019646853079,0.004811936565888465,0.983361062871487,0.7610837438423645,0.7624489795918367,0.7054380664652568,0.8294849023090586,0.5322753518903934,0.8016270524588831
19,0.0014626328696130178,0.008283424165096344,0.0070817060719829865,0.9817373544035937,0.7520525451559934,0.754071661237785,0.6962406015037594,0.822380106571936,0.5146954739673256,0.7950822339430261
20,0.002202584245780082,0.033817628652998866,0.004327681571469034,0.9956200612933825,0.7586206896551724,0.7582236842105263,0.7059724349157733,0.8188277087033747,0.5255696839427837,0.8021083888113028
21,0.007130879496450466,0.0021882482604908943,0.004265089134383211,0.9198523277122133,0.7610837438423645,0.7624489795918367,0.7054380664652568,0.8294849023090586,0.5322753518903934,0.7968869062953372
22,0.007544004102988923,0.012129750969725886,0.0034661628906460856,0.9358616554512733,0.7512315270935961,0.7502061005770815,0.7,0.8081705150976909,0.5101597845510479,0.7907366480007593
23,0.006709960212535805,0.04204934811527768,0.004732085865722459,0.9632053197514996,0.7577996715927751,0.7568013190436932,0.7061538461538461,0.8152753108348135,0.5233636650776773,0.8031130937046628
24,0.0004304852132541338,0.008579974267249543,0.007602306452976944,0.9471954565307807,0.7463054187192119,0.7489845653939886,0.6901197604790419,0.8188277087033747,0.5037303287555528,0.7919894783940993
25,0.04505089999255098,0.004124925314726514,0.00440392972264499,0.9443510411094815,0.764367816091954,0.7653311529026983,0.7090909090909091,0.8312611012433393,0.5384855550580739,0.8031917345735089
26,0.024181249422521357,0.001996379410059735,0.00437795947502453,0.8319809997469021,0.7619047619047619,0.7634584013050572,0.7058823529411765,0.8312611012433393,0.5341308647683273,0.8010087725245074
27,0.030096926088542992,0.001980953508704958,0.004474535518689821,0.8410286949042691,0.7635467980295566,0.7647058823529412,0.708018154311649,0.8312611012433393,0.5370329360754473,0.8015701056228222
28,0.02196387709360548,0.005640776955196348,0.003931528881106623,0.8257957952958314,0.7528735632183908,0.7534807534807535,0.6990881458966566,0.8170515097690941,0.5149604654728722,0.7930728241563056
29,0.024370995902438058,0.0012480231056942572,0.0076599455590710755,0.8348715175785475,0.7446633825944171,0.7502008032128514,0.6847507331378299,0.8294849023090586,0.5034386222895209,0.7884167423698019
30,0.04137479819916463,0.047908783356894406,0.0046053411673630815,0.9497006865504741,0.7602627257799671,0.7598684210526316,0.7075038284839203,0.8206039076376554,0.52887179462654,0.8039510257209876
31,0.03257862794337496,0.04200119048513136,0.00450978983690194,0.9066031924542292,0.7602627257799671,0.760655737704918,0.7062404870624048,0.8241563055062167,0.529634840676169,0.8010819898851571
32,0.046616190153229486,0.0047332920321009565,0.005376398130654754,0.9420749640283904,0.7577996715927751,0.7559966914805624,0.7074303405572755,0.8117229129662522,0.5226442074101022,0.8018114517375565
33,0.04120875081303135,0.049052945755386455,0.010073639353087685,0.9527352758456085,0.7413793103448276,0.746580852775543,0.6823529411764706,0.8241563055062167,0.49635775749271965,0.7905942809106069
34,0.049739358341505856,0.047563342835990306,0.00444319943400724,0.944735787100617,0.764367816091954,0.7618257261410789,0.7149532710280374,0.8152753108348135,0.5351413392823,0.8042167776226051
35,0.04429455865700671,0.04591936732668774,0.005487337952794836,0.9879949597033248,0.7553366174055829,0.755336617405583,0.7022900763358778,0.8170515097690941,0.519341586104972,0.8003647309261996
36,0.03481874732298936,0.04879906300361172,0.004407268662300541,0.8949958501353823,0.7577996715927751,0.7587898609975469,0.703030303030303,0.8241563055062167,0.5252651925162841,0.7989966509836888
37,0.04594598783576711,0.04827094732131563,0.0034924108909357384,0.9520808836227433,0.7504105090311987,0.7466666666666667,0.7032967032967034,0.7957371225577264,0.5062739833101839,0.7930836711726981
38,0.006515969868162265,0.007136617838397698,0.004496581487760705,0.8541405847979748,0.7619047619047619,0.7615131578947367,0.7090352220520674,0.822380106571936,0.5321739053102962,0.803214784483343
39,0.020805966785700035,0.013390787756260033,0.004549620725937276,0.854481567629376,0.7619047619047619,0.7619047619047619,0.7083969465648855,0.8241563055062167,0.5325532520711022,0.8028270036473092
40,0.01860183210145795,0.040993378053636204,0.004352697128304817,0.9518028514808672,0.7569786535303776,0.7577741407528643,0.7025796661608498,0.822380106571936,0.5234160564543848,0.8011063956720406
41,0.019382885383770525,0.008528925056949929,0.005000810090128622,0.8819704142234903,0.764367816091954,0.7641741988496302,0.7110091743119266,0.8259325044404974,0.5373165935027988,0.8020039862785243
42,0.012854560671827499,0.008812446266144571,0.004941995444566278,0.8482458024504239,0.764367816091954,0.7641741988496302,0.7110091743119266,0.8259325044404974,0.5373165935027988,0.8025504047292991
43,0.016936924273446327,0.008718246864642678,0.0061943727194361765,0.8921563446144483,0.7512315270935961,0.7526530612244899,0.6963746223564955,0.8188277087033747,0.5124392056812399,0.7921304896072026
44,0.024420770272331666,0.009054880572145698,0.004953231696077699,0.8316829140657871,0.7635467980295566,0.763157894736842,0.7105666156202144,0.8241563055062167,0.5354760159940525,0.8024392228112754
45,0.02457827547742127,0.008332865950743791,0.005010126656450632,0.8336561299739103,0.7635467980295566,0.763157894736842,0.7105666156202144,0.8241563055062167,0.5354760159940525,0.8024500698276681
46,0.022146292914285437,0.0008032186050165314,0.0051360489080357905,0.8494877132252261,0.7586206896551724,0.7601957585644371,0.702865761689291,0.827708703374778,0.527517854747867,0.7996745895082233
47,0.006865986967179412,0.04259365780215184,0.004953796719220594,0.8013335491292668,0.7610837438423645,0.7600989282769992,0.7092307692307692,0.8188277087033747,0.529965605340992,0.7977831410247719
48,0.019166420613469,0.049415937786762405,0.00496148755803938,0.8477632851616913,0.7610837438423645,0.7600989282769992,0.7092307692307692,0.8188277087033747,0.529965605340992,0.7985166705083184
49,0.014652046742194582,0.04994545320164281,0.004789446506779932,0.8345164929561198,0.7577996715927751,0.757201646090535,0.7055214723926381,0.8170515097690941,0.5237321719966141,0.797724838311662
