,max_depth,val_accuracy,val_f1,val_precision,val_recall,val_mcc,val_roc_auc_score
0, 3,0.7545155993431856,0.7393199651264167,0.726027397260274,0.7531083481349912,0.5078079835083779,0.8178948652936153
1, 4,0.7586206896551724,0.745674740484429,0.7268128161888702,0.7655417406749556,0.5169115207324755,0.8279473377354142
2, 5,0.7660098522167488,0.7557840616966581,0.7301324503311258,0.783303730017762,0.5329399452483353,0.837685246701829
3, 6,0.7668308702791461,0.7568493150684932,0.7305785123966942,0.7850799289520426,0.5347046416121115,0.8432633248816996
4, 7,0.7832512315270936,0.772020725388601,0.7512605042016807,0.7939609236234458,0.5665337915754477,0.8501511802909714
5, 8,0.7816091954022989,0.7706896551724138,0.7487437185929648,0.7939609236234458,0.5634487553694528,0.8527029408973194
6, 9,0.7873563218390804,0.7769164513350559,0.754180602006689,0.8010657193605684,0.5750847469896913,0.8557021409298603
7, 10,0.7906403940886699,0.7803617571059434,0.7575250836120402,0.8046181172291297,0.5816727835374748,0.865591908125771
8, 11,0.7947454844006568,0.7852233676975945,0.7603993344425957,0.8117229129662522,0.5902356739540636,0.8701774843057232
9, 12,0.7922824302134647,0.780952380952381,0.7618243243243243,0.8010657193605684,0.5843527809604381,0.8687050018304341
10, 13,0.7988505747126436,0.7878787878787878,0.768581081081081,0.8081705150976909,0.597531840263839,0.8719130069285319
11, 14,0.7996715927750411,0.7889273356401383,0.7689713322091062,0.8099467140319716,0.599276974273854,0.8758097975675566
12, 15,0.8021346469622331,0.7898866608544028,0.7756849315068494,0.8046181172291297,0.6033995076689136,0.8761216492888426
13, 16,0.8045977011494253,0.7934027777777778,0.7758913412563667,0.8117229129662522,0.6087813968398481,0.8798964109934511
14, 17,0.8095238095238095,0.7996545768566495,0.7781512605042017,0.822380106571936,0.6192434154683075,0.8820739495342562
15, 18,0.7955665024630542,0.7847882454624028,0.7643097643097643,0.8063943161634103,0.5911401345046855,0.8777568370100199
16, 19,0.8037766830870279,0.7916303400174368,0.7773972602739726,0.8063943161634103,0.6066957671227251,0.8796550648787169
17, 20,0.7988505747126436,0.7867711053089643,0.7713310580204779,0.8028419182948491,0.5969785800010877,0.8782015646821145
18, 21,0.8119868637110016,0.799650043744532,0.7879310344827586,0.8117229129662522,0.6228608161212732,0.8825105419440566
19, 22,0.8070607553366174,0.7936786654960492,0.7847222222222222,0.8028419182948491,0.6126763912332089,0.8811221238458097
20, 23,0.8004926108374384,0.7874015748031495,0.7758620689655172,0.7992895204262878,0.5997802665952265,0.8798828522229604
21, 24,0.8103448275862069,0.7982532751091702,0.7852233676975945,0.8117229129662522,0.6197188679095972,0.885027049747129
22, 25,0.8119868637110016,0.7985927880386984,0.7909407665505227,0.8063943161634103,0.6224367056095431,0.883793201632476
23, 26,0.8045977011494253,0.7901234567901234,0.7845884413309983,0.7957371225577264,0.6073976848928202,0.8820386967309803
24, 27,0.8103448275862069,0.7968337730870713,0.789198606271777,0.8046181172291297,0.6191377721104246,0.8851382316651526
25, 28,0.8103448275862069,0.7968337730870713,0.789198606271777,0.8046181172291297,0.6191377721104246,0.88308814556696
26, 29,0.8037766830870279,0.7894273127753304,0.7832167832167832,0.7957371225577264,0.6058108663061159,0.8846067278619175
27, 30,0.80623973727422,0.7911504424778761,0.7883597883597884,0.7939609236234458,0.6104635310985322,0.8839653980177078
28, 31,0.8054187192118226,0.7908208296557812,0.7859649122807018,0.7957371225577264,0.6089864806683629,0.8824332569522596
29, 32,0.8045977011494253,0.7923211169284469,0.7787307032590052,0.8063943161634103,0.6082613007457234,0.8843382642062019
30, 33,0.7947454844006568,0.780701754385965,0.7712305025996534,0.7904085257548845,0.5880118310264288,0.8774544764280775
31, 34,0.8087027914614121,0.7950747581354441,0.7874564459930313,0.8028419182948491,0.6158388386113061,0.8819112442883679
32, 35,0.8070607553366174,0.7929515418502202,0.7867132867132867,0.7992895204262878,0.6124100187839885,0.8812672026900601
33, 36,0.8021346469622331,0.7876651982378855,0.7814685314685315,0.7939609236234458,0.6025112900671795,0.8856670237142895
34, 37,0.8095238095238095,0.7957746478873241,0.7888307155322862,0.8028419182948491,0.6174230123074957,0.8832806801079277
35, 38,0.8078817733990148,0.7940140845070424,0.787085514834206,0.8010657193605684,0.6141237619488855,0.8819668352473797
36, 39,0.8078817733990148,0.7925531914893617,0.7911504424778761,0.7939609236234458,0.6136585019531362,0.881128903231055
37, 40,0.8078817733990148,0.7943760984182777,0.7860869565217391,0.8028419182948491,0.6142566362192184,0.8837186283947771
38, 41,0.7996715927750411,0.7855887521968367,0.7773913043478261,0.7939609236234458,0.5977635079557081,0.882109202337532
39, 42,0.8029556650246306,0.7868561278863234,0.7868561278863233,0.7868561278863233,0.6036500210160942,0.8822746193375186
40, 43,0.8087027914614121,0.7928888888888889,0.7935943060498221,0.7921847246891652,0.6151630628887045,0.8826515531571596
41, 44,0.8045977011494253,0.7915936952714535,0.7806563039723662,0.8028419182948491,0.6079472625592945,0.8833701679931665
42, 45,0.8045977011494253,0.7882562277580071,0.7896613190730838,0.7868561278863233,0.6068581669627828,0.8842948761406316
43, 46,0.8037766830870279,0.7894273127753304,0.7832167832167832,0.7957371225577264,0.6058108663061159,0.8783222377394818
44, 47,0.8095238095238095,0.795053003533569,0.7908611599297012,0.7992895204262878,0.6171784838967379,0.8813227936490718
45, 48,0.8054187192118226,0.7900797165633304,0.7879858657243817,0.7921847246891652,0.6087582755288692,0.887791683050181
46, 49,0.8054187192118226,0.7900797165633304,0.7879858657243817,0.7921847246891652,0.6087582755288692,0.878913400132876
47, 50,0.8070607553366174,0.7925860547219771,0.787719298245614,0.7975133214920072,0.6122867357626174,0.8815546486244626
48, 51,0.8078817733990148,0.791814946619217,0.7932263814616756,0.7904085257548845,0.6134656844490558,0.879307960354155
49, 52,0.8045977011494253,0.7890070921985816,0.7876106194690266,0.7904085257548845,0.6070542805856236,0.8842108117635893
50, 53,0.8045977011494253,0.7886323268206039,0.7886323268206039,0.7886323268206039,0.6069529375076268,0.8832969506325167
51, 54,0.8013136288998358,0.7839285714285713,0.7881508078994613,0.7797513321492007,0.6000772662791185,0.8832657654603882
52, 55,0.8103448275862069,0.7957559681697614,0.7922535211267606,0.7992895204262878,0.6187720004757601,0.8857063441487125
53, 56,0.8045977011494253,0.7897526501766784,0.7855887521968365,0.7939609236234458,0.6072766596390611,0.8824820685260261
54, 57,0.8103448275862069,0.7961165048543689,0.7912280701754386,0.8010657193605684,0.6188872459511263,0.8842284381652272
55, 58,0.8029556650246306,0.7891036906854131,0.7808695652173913,0.7975133214920072,0.6043607592611122,0.883562702534134
56, 59,0.8078817733990148,0.7929203539823008,0.7901234567901234,0.7957371225577264,0.6137648723389718,0.8849565441405775
