,max_depth,val_accuracy
0, 3, 0.7446633825944171
1, 4, 0.7594417077175698
2, 5, 0.7692939244663383
3, 6, 0.7660098522167488
4, 7, 0.784072249589491
5, 8, 0.7824302134646962
6, 9, 0.7807881773399015
7, 10, 0.7881773399014779
8, 11, 0.7922824302134647
9, 12, 0.7906403940886699
10, 13, 0.7931034482758621
11, 14, 0.7955665024630542
12, 15, 0.8078817733990148
13, 16, 0.8004926108374384
14, 17, 0.8054187192118226
15, 18, 0.8029556650246306
16, 19, 0.8037766830870279
17, 20, 0.8070607553366174
18, 21, 0.8103448275862069
19, 22, 0.80623973727422
20, 23, 0.8037766830870279
21, 24, 0.7988505747126436
22, 25, 0.8054187192118226
23, 26, 0.8045977011494253
24, 27, 0.8054187192118226
25, 28, 0.8004926108374384
26, 29, 0.812807881773399
27, 30, 0.8004926108374384
28, 31, 0.8037766830870279
29, 32, 0.7980295566502463
30, 33, 0.8037766830870279
31, 34, 0.8054187192118226
32, 35, 0.8054187192118226
33, 36, 0.8054187192118226
34, 37, 0.8004926108374384
35, 38, 0.7988505747126436
36, 39, 0.8013136288998358
37, 40, 0.8054187192118226
38, 41, 0.8095238095238095
39, 42, 0.8054187192118226
40, 43, 0.7980295566502463
41, 44, 0.7980295566502463
42, 45, 0.7955665024630542
43, 46, 0.8103448275862069
44, 47, 0.8152709359605911
45, 48, 0.8029556650246306
46, 49, 0.8029556650246306
47, 50, 0.8070607553366174
48, 51, 0.7988505747126436
49, 52, 0.8136288998357963
50, 53, 0.8078817733990148
51, 54, 0.8070607553366174
52, 55, 0.8095238095238095
53, 56, 0.80623973727422
54, 57, 0.8078817733990148
55, 58, 0.8021346469622331
56, 59, 0.8087027914614121
57, 60, 0.7947454844006568
58, 61, 0.7988505747126436
59, 62, 0.8013136288998358
60, 63, 0.8013136288998358
61, 64, 0.8037766830870279
62, 65, 0.8070607553366174
63, 66, 0.7996715927750411
64, 67, 0.8054187192118226
65, 68, 0.80623973727422
66, 69, 0.8045977011494253
