,C,var_threshold_continuous,var_threshold_discrete,var_threshold_fingerprint,corr_threshold,val_accuracy
0,2.295233663380196,0.0227099058348139,0.03024753089485784,0.027169991981174885,0.7773641089667663,-0.8119868637110016
1,0.8350141758477593,0.008463793184701791,0.04632077063809793,0.049732728687290645,0.8265985447773926,-0.7972085385878489
2,1.138431369120022,0.008248251436482326,0.04534060017637933,0.008996241947383223,0.7840902751765957,-0.8243021346469622
3,3.6159117754190433,0.008186382904927965,0.0090945559508347,0.0462490592564432,0.8346615083117749,-0.8185550082101807
4,2.4410560353510395,0.0424891551850491,0.012432237797338427,0.03726317847186499,0.7505561034257549,-0.8226600985221675
5,3.197492383300958,0.03594001993934488,0.03120271071885355,0.04775040550729839,0.754386293401786,-0.8119868637110016
6,0.658506729592962,0.006097104213829525,0.0015027303062251254,0.0061734882335308505,0.7732996267484442,-0.8210180623973727
7,2.896199392464072,0.04455935707065117,0.021082444286765655,0.01903949301739901,0.9259127356011139,-0.8160919540229885
8,3.3851901634531507,0.02995139526952787,0.001010831985786065,0.042962095165139574,0.7892228227643133,-0.8201970443349754
9,2.6216353497602696,0.0321278072942327,0.02659127762057225,0.045665183099788516,0.7025128747728051,-0.8136288998357963
10,0.5094345809148844,0.006685167873400872,0.03639957490883743,0.012730922293264288,0.8193542444916613,-0.8160919540229885
11,0.48585114180210187,0.0012926840311979328,0.039893838427803856,0.00045789013622869474,0.9112072880926457,-0.819376026272578
12,0.18889310955883376,0.015075026462833088,0.015394564869854901,0.0488487453401096,0.8141957832606663,-0.7832512315270936
13,0.2593485592306524,0.007465133762493577,0.0054828999576835916,0.03132164217023228,0.7966973704088209,-0.7972085385878489
14,0.29485987636411326,0.01841278454571861,0.03577861477034928,0.015928571789967812,0.8110927606363006,-0.8054187192118226
15,0.17059971842123695,0.008043707567074716,0.015814061811850213,0.002186785987527912,0.7350308607354646,-0.7848932676518884
16,1.200976233695241,0.017961247297871265,0.008607276047522225,0.0011567454982414462,0.7162798701936861,-0.8267651888341544
17,0.7333580291538342,0.015130553236904584,0.019097967599443762,0.0006552527981639912,0.7682473543682432,-0.8234811165845649
18,0.7509471917908876,0.014057304270865826,0.009899793618547266,0.000984906756711873,0.7067640744240918,-0.8234811165845649
19,0.5295410344502663,0.0140772845512351,0.01624502570065715,0.0029029504046649284,0.7084322828965135,-0.8169129720853858
20,0.21301173909585214,0.025879135406911752,0.008173376917414151,0.0014293180649710083,0.7027518393805001,-0.7963875205254516
21,0.8188813863243459,0.002370614747946798,0.006788884951841818,0.024766663846300694,0.7321838102638932,-0.8144499178981938
22,0.482809519974421,0.02473459894722792,0.015373808820075033,0.0034994299136837056,0.7190528130791326,-0.8144499178981938
23,0.33815567724345286,0.010673000921266487,0.007770394732599874,0.000125771910314626,0.7849988117262926,-0.8095238095238095
24,1.0734475275320838,0.014830406166714558,0.005823624958680025,0.03167296940018623,0.943796377925095,-0.8144499178981938
25,0.6578414700213718,0.014142608362787476,0.0029508975957670608,0.04269515022394102,0.7293657240192896,-0.7963875205254516
26,1.1966762960703838,0.04217655370778333,0.011080212702070871,0.04860692373428974,0.7557580193015232,-0.8029556650246306
27,0.6997598307376861,0.008072298360555504,0.0157855634098727,0.001113561592788881,0.7131178798388856,-0.8226600985221675
28,1.0475587714985892,0.007733717899727145,0.0013105362021077762,0.0004201865235012038,0.7331766161604856,-0.8243021346469622
29,1.0854440740761815,0.008177037831383184,0.015984257946129607,0.00276216293135701,0.7441695072662667,-0.8243021346469622
30,0.7511792043372576,0.004834195049462737,0.013831333380729019,0.0026623885500382753,0.7313718570190952,-0.8226600985221675
31,0.40095410817608,0.008316549747017784,0.008444985557612956,0.0017120994216807076,0.794880241900253,-0.812807881773399
32,0.380838814611816,0.006144837668537763,0.019622592193462556,0.00034332077759140493,0.7896952043286445,-0.8111658456486043
33,0.6486619496493846,0.024013695002222318,0.009204428529868065,0.0020105450946901865,0.717836698071562,-0.8201970443349754
34,0.923405742741174,0.040726746420073595,0.0046629701186654444,0.007380694126698397,0.7271222811904343,-0.8234811165845649
35,0.3692075624288528,0.009435762580257146,0.024847289705948454,0.007826316874290414,0.708671061790007,-0.8087027914614121
36,0.7261328556833246,0.04347479143761771,0.011500041302760335,0.019770720929970547,0.7406606071621121,-0.812807881773399
37,3.517451157605383,0.013339596160500618,0.00016527001923875577,0.04992362876136227,0.8124292970209158,-0.8226600985221675
38,2.096113638706695,0.006319149333479636,0.009142465570412041,0.0495452460513555,0.8242697777205288,-0.8169129720853858
39,1.9061181490592987,0.013792237742198446,0.001760778498550625,0.04943097729099664,0.9353842453223354,-0.8087027914614121
40,0.2013157242372398,0.0015596947156913514,0.037926563520835496,0.007997589118813193,0.8487876049188845,-0.7955665024630542
41,1.0941088415008493,0.007962181103749062,0.027295337096219258,0.005070658931602408,0.8354196324178852,-0.8251231527093597
42,2.861238920103876,0.0020058231010913813,0.04424309334488018,0.002372149648327943,0.9485092477503976,-0.8300492610837439
43,1.551425552670044,0.0045058468237148385,0.040654504913882936,0.008002787540925173,0.9202335987216267,-0.8300492610837439
44,1.107988967445947,0.0039719896018911745,0.04311672729467309,0.01047084294417492,0.8502217420026582,-0.8234811165845649
45,0.8756318609758966,0.0028399575213706677,0.044184159581974844,0.01842136133692795,0.9142911633699736,-0.8218390804597702
46,0.14195617171189262,0.038923512668640796,0.047781312525336385,0.001628958284105159,0.9394529152025212,-0.7799671592775042
47,1.1589804029940962,0.03574867560132604,0.046407690934507057,6.867511266550609e-06,0.9237680181176129,-0.825944170771757
48,1.4458935967373694,0.040838701760056016,0.04819289482029902,0.0007307934494959479,0.9323124676086898,-0.8292282430213465
49,0.8725666914998633,0.036013795469642874,0.040213933510120634,0.0005423450893658033,0.9215718222346667,-0.8243021346469622
