,C,kernel,degree,var_threshold_continuous,var_threshold_discrete,var_threshold_fingerprint,corr_threshold,val_accuracy
0,2.0396763649080967,poly,5,0.0,0.03522438725370694,0.0,0.95,-0.7569786535303776
1,2.6129196574867226,poly,3,0.0,0.027611509849836565,0.0,0.95,-0.8218390804597702
2,3.403019552343438,poly,8,0.0,0.03378578891067266,0.0,0.95,-0.6133004926108374
3,1.8761954276604325,poly,3,0.0,0.039367404747059194,0.0,0.95,-0.8185550082101807
4,1.1320606031268055,poly,6,0.0,0.02647791729264655,0.0,0.95,-0.6970443349753694
5,1.8903317435179712,poly,9,0.0,0.029401602882915108,0.0,0.95,-0.5829228243021346
6,2.3583843000235327,poly,8,0.0,0.032429156940275206,0.0,0.95,-0.6108374384236454
7,0.8362012511505345,poly,5,0.0,0.025319390562750222,0.0,0.95,-0.7339901477832512
8,3.0583270705691152,poly,6,0.0,0.022992811556854245,0.0,0.95,-0.7151067323481116
9,2.8986468989395457,poly,3,0.0,0.03845095163552069,0.0,0.95,-0.8210180623973727
10,2.19730085490373,poly,6,0.0,0.03573892305028302,0.0,0.95,-0.7118226600985221
11,2.700493034565588,poly,3,0.0,0.02354388777955242,0.0,0.95,-0.8218390804597702
12,3.611393414195453,poly,7,0.0,0.03424080787769572,0.0,0.95,-0.674055829228243
13,1.8360977994548093,poly,12,0.0,0.026480261710032777,0.0,0.95,-0.5599343185550082
14,0.1937603060493181,poly,3,0.0,0.037676191047680746,0.0,0.95,-0.784072249589491
15,3.1536548276355885,poly,5,0.0,0.027970189761913684,0.0,0.95,-0.7676518883415435
16,3.9178725608038127,poly,10,0.0,0.028784619328627786,0.0,0.95,-0.5689655172413793
17,3.0279605038695627,poly,6,0.0,0.03538231976352221,0.0,0.95,-0.7151067323481116
18,1.3435187382673872,poly,3,0.0,0.027243852080733273,0.0,0.95,-0.8152709359605911
19,2.261688842359528,poly,9,0.0,0.02663576777335479,0.0,0.95,-0.5821018062397373
20,2.4909348373485836,poly,5,0.0,0.02154004124594941,0.0,0.95,-0.7635467980295566
21,2.3015133380821506,poly,3,0.0,0.026999119705969677,0.0,0.95,-0.8185550082101807
22,1.50824216969762,poly,7,0.0,0.03915272366317579,0.0,0.95,-0.6568144499178982
23,0.754066299034977,poly,8,0.0,0.0390364848462427,0.0,0.95,-0.6026272577996716
24,2.138204087687431,poly,5,0.0,0.02612203444670407,0.0,0.95,-0.7594417077175698
25,2.404494822396595,poly,7,0.0,0.031203826678474628,0.0,0.95,-0.6642036124794746
26,0.8532705431095026,poly,5,0.0,0.03770221322563788,0.0,0.95,-0.7331691297208539
27,1.1168355590810017,poly,5,0.0,0.03033705445282297,0.0,0.95,-0.7397372742200329
28,1.4536891077950786,poly,9,0.0,0.03108711197309895,0.0,0.95,-0.5829228243021346
29,2.8411696365888073,poly,10,0.0,0.023772680549014144,0.0,0.95,-0.5689655172413793
